Time,InitialSiteRow,InitialSiteColumn,SitesChecked,CohortsKilled,MeanSeverity,fire1,fire2,TotalBurnedSites
10,4,5,36,872,5.0,36,0, 36
10,4,26,100,1553,3.1,6,94, 100
10,4,34,55,1267,3.0,0,55, 55
10,7,46,186,2395,3.0,0,186, 186
10,11,76,6,128,3.0,0,6, 6
10,12,39,6,105,3.0,0,6, 6
10,13,22,175,3116,3.9,76,99, 175
10,16,9,50,776,5.0,50,0, 50
10,18,54,105,1940,3.0,0,105, 105
10,19,99,148,2838,3.0,0,148, 148
10,20,6,138,2236,5.0,138,0, 138
10,20,35,163,3149,3.0,0,163, 163
10,21,84,175,2956,3.0,0,175, 175
10,23,58,137,2089,3.0,0,137, 137
10,23,72,191,2220,3.0,0,191, 191
10,28,41,60,789,3.0,0,60, 60
10,30,31,148,3119,3.1,7,141, 148
10,31,10,283,6534,4.9,280,3, 283
10,35,78,333,5509,3.0,0,333, 333
10,37,95,116,1518,3.0,0,116, 116
10,38,36,137,1824,3.0,0,137, 137
10,40,64,14,207,3.0,0,14, 14
10,43,3,198,4006,4.8,198,0, 198
10,46,64,11,67,3.0,0,11, 11
10,48,29,1,20,3.0,0,1, 1
10,51,79,114,2190,3.0,0,114, 114
10,52,73,123,707,3.0,0,123, 123
10,53,23,105,2265,3.3,18,87, 105
10,55,32,151,2819,3.0,0,151, 151
10,56,52,1,5,3.0,0,1, 1
10,57,87,93,1854,3.0,0,93, 93
10,58,7,19,114,2.9,19,0, 19
10,60,11,48,861,4.3,48,0, 48
10,61,44,185,1903,3.0,0,185, 185
10,61,77,242,2960,3.0,0,242, 242
10,61,96,34,363,3.0,0,34, 34
10,65,24,1,20,3.0,0,1, 1
10,66,19,45,670,3.7,35,10, 45
10,70,8,52,294,4.0,52,0, 52
10,72,11,1,5,4.0,1,0, 1
10,73,62,600,3189,3.0,0,600, 600
10,73,76,600,7357,3.0,0,600, 600
10,75,24,151,1713,3.0,19,132, 151
10,75,34,1,2,3.0,0,1, 1
10,76,9,26,123,3.3,26,0, 26
10,78,30,1,5,3.0,0,1, 1
10,79,3,40,293,4.8,40,0, 40
10,80,36,121,554,3.0,0,121, 121
10,82,13,408,5303,3.6,287,121, 408
10,89,44,13,65,3.0,0,13, 13
10,90,93,108,2361,3.0,0,108, 108
20,2,7,1,8,1.0,1,0, 1
20,3,41,13,212,2.7,0,13, 13
20,4,71,6,54,3.0,0,6, 6
20,6,82,85,869,3.0,0,85, 85
20,6,98,44,184,3.0,0,44, 44
20,10,21,3,11,1.7,0,3, 3
20,25,28,1,19,3.0,0,1, 1
20,27,22,92,1708,3.2,30,62, 92
20,37,29,128,2186,3.3,54,74, 128
20,40,49,305,1921,3.0,0,305, 305
20,41,95,1,11,3.0,0,1, 1
20,45,97,12,122,3.0,0,12, 12
20,49,88,116,1236,3.0,0,116, 116
20,66,22,33,361,2.5,6,27, 33
20,71,71,9,30,2.8,0,9, 9
20,72,99,21,447,3.0,0,21, 21
20,73,78,1,1,1.0,0,1, 1
20,80,45,1,2,1.0,0,1, 1
20,81,84,4,7,1.0,0,4, 4
20,82,43,1,2,3.0,0,1, 1
20,92,63,17,59,2.6,0,17, 17
20,94,33,220,2848,2.9,0,220, 220
20,96,67,1,4,3.0,0,1, 1
20,98,12,1,14,5.0,1,0, 1
30,1,95,14,39,2.9,0,14, 14
30,5,37,2,21,3.0,0,2, 2
30,8,29,44,673,3.0,0,44, 44
30,10,88,38,334,3.0,0,38, 38
30,11,9,26,618,5.0,26,0, 26
30,14,58,10,33,3.0,0,10, 10
30,16,48,1,1,3.0,0,1, 1
30,19,59,225,1804,3.0,0,225, 225
30,25,13,1,1,2.0,1,0, 1
30,34,12,36,35,2.0,36,0, 36
30,37,17,1,2,2.0,1,0, 1
30,38,81,1,3,3.0,0,1, 1
30,41,77,9,28,3.0,0,9, 9
30,42,89,1,1,3.0,0,1, 1
30,44,54,1,6,3.0,0,1, 1
30,56,15,73,1094,3.2,57,16, 73
30,68,79,1,2,3.0,0,1, 1
30,70,60,3,2,3.0,0,3, 3
30,70,97,95,989,3.0,0,95, 95
30,83,94,45,968,3.0,0,45, 45
30,86,24,2,16,3.0,0,2, 2
30,90,33,3,12,3.0,0,3, 3
30,98,3,129,522,3.5,129,0, 129
30,98,89,1,1,3.0,0,1, 1
30,99,60,178,842,3.0,0,178, 178
40,1,7,31,557,4.0,31,0, 31
40,4,80,1,1,3.0,0,1, 1
40,16,3,2,2,2.0,2,0, 2
40,21,42,15,215,3.0,0,15, 15
40,21,98,9,54,3.0,0,9, 9
40,32,76,1,1,3.0,0,1, 1
40,38,23,1,3,3.0,0,1, 1
40,39,77,5,9,3.0,0,5, 5
40,42,50,6,14,3.0,0,6, 6
40,50,53,18,59,3.0,0,18, 18
40,51,77,1,2,3.0,0,1, 1
40,53,10,140,545,2.3,140,0, 140
40,55,76,2,5,3.0,0,2, 2
40,59,98,17,47,3.0,0,17, 17
40,64,4,86,572,3.4,86,0, 86
40,69,24,21,312,3.0,0,21, 21
40,70,90,21,120,3.0,0,21, 21
40,76,64,1,5,3.0,0,1, 1
40,77,14,14,40,2.7,14,0, 14
40,82,91,1,2,3.0,0,1, 1
40,92,82,1,1,3.0,0,1, 1
40,93,29,1,1,3.0,0,1, 1
40,94,6,1,1,1.0,1,0, 1
50,1,16,74,1616,4.1,70,4, 74
50,6,14,1,12,2.0,1,0, 1
50,8,4,36,347,3.4,36,0, 36
50,9,42,166,754,3.0,0,166, 166
50,10,67,56,164,3.0,0,56, 56
50,18,86,1,1,3.0,0,1, 1
50,24,69,50,167,3.0,0,50, 50
50,25,7,150,582,2.2,150,0, 150
50,25,60,5,20,3.0,0,5, 5
50,26,59,1,3,3.0,0,1, 1
50,27,46,27,207,2.9,0,27, 27
50,28,17,2,6,2.0,2,0, 2
50,29,45,21,80,3.0,0,21, 21
50,33,79,16,49,3.0,0,16, 16
50,43,25,2,22,3.0,0,2, 2
50,44,36,1,3,3.0,0,1, 1
50,46,24,10,16,3.0,0,10, 10
50,46,57,59,366,3.0,0,59, 59
50,46,68,118,359,3.0,0,118, 118
50,48,88,21,47,3.0,0,21, 21
50,50,29,1,6,3.0,0,1, 1
50,53,66,1,1,3.0,0,1, 1
50,54,40,93,701,3.0,0,93, 93
50,56,85,96,197,3.0,0,96, 96
50,58,87,34,63,3.0,0,34, 34
50,63,41,4,10,3.0,0,4, 4
50,71,3,2,5,2.0,2,0, 2
50,73,15,228,893,2.8,174,54, 228
50,76,86,1,2,3.0,0,1, 1
50,80,34,81,227,3.0,0,81, 81
50,83,83,29,53,3.0,0,29, 29
50,88,92,1,3,3.0,0,1, 1
50,92,55,8,14,3.0,0,8, 8
50,99,1,1,1,2.0,1,0, 1
60,1,82,1,5,3.0,0,1, 1
60,2,58,30,88,3.0,0,30, 30
60,10,98,132,794,3.0,0,132, 132
60,11,20,114,479,3.1,78,36, 114
60,13,79,132,940,3.0,0,132, 132
60,17,1,148,1044,3.0,148,0, 148
60,18,63,1,1,1.0,0,1, 1
60,22,59,3,9,3.0,0,3, 3
60,24,82,1,2,3.0,0,1, 1
60,28,62,13,50,3.0,0,13, 13
60,29,82,2,9,3.0,0,2, 2
60,30,50,94,389,2.9,0,94, 94
60,30,67,93,400,3.0,0,93, 93
60,31,46,7,21,3.0,0,7, 7
60,34,79,285,976,3.0,0,285, 285
60,36,54,8,29,3.0,0,8, 8
60,37,15,4,8,2.8,4,0, 4
60,39,22,1,2,3.0,0,1, 1
60,43,5,65,146,3.0,65,0, 65
60,46,9,1,1,3.0,1,0, 1
60,47,55,6,15,3.0,0,6, 6
60,49,34,7,17,3.0,0,7, 7
60,52,25,1,3,3.0,0,1, 1
60,54,74,1,2,3.0,0,1, 1
60,55,1,53,139,2.9,53,0, 53
60,56,45,6,26,3.0,0,6, 6
60,58,39,2,4,3.0,0,2, 2
60,62,18,27,88,2.6,22,5, 27
60,64,30,1,1,1.0,0,1, 1
60,65,42,213,702,3.0,0,213, 213
60,67,36,65,182,3.0,0,65, 65
60,67,70,255,672,3.0,0,255, 255
60,68,5,38,105,2.5,38,0, 38
60,68,48,7,12,3.0,0,7, 7
60,69,10,23,86,2.5,23,0, 23
60,69,94,3,7,3.0,0,3, 3
60,71,57,6,9,3.0,0,6, 6
60,74,13,2,5,2.0,2,0, 2
60,81,52,86,320,3.0,0,86, 86
60,81,96,55,379,3.0,0,55, 55
60,86,55,4,11,3.0,0,4, 4
60,89,21,1,2,3.0,0,1, 1
60,89,95,9,100,3.0,0,9, 9
60,90,33,53,112,3.0,0,53, 53
60,92,17,112,296,2.9,104,8, 112
60,94,85,48,183,3.0,0,48, 48
60,95,46,30,153,3.0,0,30, 30
70,2,32,25,115,3.0,0,25, 25
70,5,4,9,37,1.9,9,0, 9
70,9,33,1,4,3.0,0,1, 1
70,17,32,245,769,3.0,0,245, 245
70,20,86,7,19,3.0,0,7, 7
70,24,2,1,2,2.0,1,0, 1
70,25,86,13,33,2.7,0,13, 13
70,27,24,29,81,3.0,4,25, 29
70,35,15,87,211,2.6,71,16, 87
70,36,27,11,27,3.0,0,11, 11
70,36,28,14,32,3.0,0,14, 14
70,39,90,9,53,3.0,0,9, 9
70,41,74,1,3,3.0,0,1, 1
70,49,99,3,7,3.0,0,3, 3
70,51,12,1,2,3.0,1,0, 1
70,51,91,38,74,3.0,0,38, 38
70,54,13,175,569,2.5,156,19, 175
70,54,38,2,4,3.0,0,2, 2
70,54,75,1,2,3.0,0,1, 1
70,56,99,1,2,3.0,0,1, 1
70,59,99,6,16,3.0,0,6, 6
70,62,20,34,125,3.0,0,34, 34
70,66,16,10,38,2.2,10,0, 10
70,69,7,5,9,1.6,5,0, 5
70,69,47,1,1,3.0,0,1, 1
70,76,9,66,155,2.8,66,0, 66
70,77,38,1,3,3.0,0,1, 1
70,83,75,1,2,3.0,0,1, 1
70,83,83,1,1,3.0,0,1, 1
70,84,24,70,207,2.9,18,52, 70
70,88,74,42,54,2.9,0,42, 42
70,90,93,26,120,3.0,0,26, 26
70,99,40,2,4,3.0,0,2, 2
80,7,27,2,8,3.0,0,2, 2
80,9,12,1,3,2.0,1,0, 1
80,9,50,1,3,3.0,0,1, 1
80,9,71,31,163,3.0,0,31, 31
80,11,3,37,110,2.2,37,0, 37
80,16,37,4,4,1.5,0,4, 4
80,18,24,63,297,2.7,23,40, 63
80,21,52,15,52,3.0,0,15, 15
80,23,14,65,183,2.6,64,1, 65
80,24,74,1,3,3.0,0,1, 1
80,25,4,36,80,2.6,36,0, 36
80,25,71,1,3,3.0,0,1, 1
80,26,19,2,4,3.0,1,1, 2
80,26,39,1,2,3.0,0,1, 1
80,27,18,2,3,1.0,2,0, 2
80,28,29,23,61,2.8,0,23, 23
80,30,91,130,420,3.0,0,130, 130
80,35,61,11,32,3.0,0,11, 11
80,38,21,32,173,3.3,7,25, 32
80,41,64,8,21,3.0,0,8, 8
80,49,37,107,392,2.9,1,106, 107
80,53,61,210,388,3.0,0,210, 210
80,55,67,1,2,3.0,0,1, 1
80,56,78,10,17,3.0,0,10, 10
80,57,92,8,14,3.0,0,8, 8
80,61,44,1,3,3.0,0,1, 1
80,63,81,8,19,3.0,0,8, 8
80,67,53,17,40,3.0,0,17, 17
80,76,81,52,184,3.0,0,52, 52
80,81,66,35,79,3.0,0,35, 35
80,88,11,29,77,3.2,29,0, 29
80,96,90,40,234,3.0,0,40, 40
80,99,22,29,93,3.0,2,27, 29
90,2,23,34,92,3.0,0,34, 34
90,3,11,4,10,2.8,4,0, 4
90,10,33,51,175,3.0,0,51, 51
90,12,52,44,134,3.0,0,44, 44
90,14,61,80,246,3.0,0,80, 80
90,18,28,2,5,3.0,0,2, 2
90,19,31,16,44,3.0,0,16, 16
90,21,70,231,837,3.0,0,231, 231
90,25,96,1,3,3.0,0,1, 1
90,28,1,7,41,2.3,7,0, 7
90,33,8,85,195,3.0,85,0, 85
90,33,67,4,22,3.0,0,4, 4
90,35,50,600,1958,3.0,0,600, 600
90,39,87,73,208,3.0,0,73, 73
90,44,5,2,6,2.0,2,0, 2
90,54,83,1,2,3.0,0,1, 1
90,56,98,9,21,3.0,0,9, 9
90,57,16,19,48,2.5,19,0, 19
90,59,23,15,45,3.0,0,15, 15
90,63,4,4,13,3.5,4,0, 4
90,63,92,137,389,3.0,0,137, 137
90,69,97,23,81,3.0,0,23, 23
90,70,75,10,17,3.0,0,10, 10
90,74,30,54,146,3.0,0,54, 54
90,79,54,198,469,3.0,0,198, 198
90,82,88,52,142,3.0,0,52, 52
90,83,74,87,182,3.0,0,87, 87
90,84,66,1,4,3.0,0,1, 1
90,88,75,20,39,3.0,0,20, 20
90,92,22,1,2,3.0,0,1, 1
90,93,31,112,344,2.9,0,112, 112
90,95,39,200,557,3.0,0,200, 200
90,96,4,34,84,2.9,34,0, 34
90,98,71,63,144,3.0,0,63, 63
90,99,16,3,8,2.0,3,0, 3
100,6,81,60,194,3.0,0,60, 60
100,8,99,128,349,3.0,0,128, 128
100,11,7,316,1056,2.5,295,21, 316
100,17,49,22,72,2.8,0,22, 22
100,17,81,5,16,3.0,0,5, 5
100,20,42,14,32,3.0,0,14, 14
100,22,51,23,83,2.9,0,23, 23
100,25,56,6,16,3.0,0,6, 6
100,25,80,9,22,2.3,0,9, 9
100,28,26,1,2,3.0,0,1, 1
100,29,25,31,86,2.9,9,22, 31
100,35,81,1,2,3.0,0,1, 1
100,39,99,4,7,3.0,0,4, 4
100,41,15,241,900,2.9,232,9, 241
100,60,56,4,7,3.0,0,4, 4
100,62,15,12,38,2.6,12,0, 12
100,62,46,1,3,3.0,0,1, 1
100,64,12,2,6,2.0,2,0, 2
100,65,49,1,3,3.0,0,1, 1
100,67,76,18,50,3.0,0,18, 18
100,75,78,107,278,3.0,0,107, 107
100,88,42,2,2,3.0,0,2, 2
100,93,18,143,378,2.7,97,46, 143
100,95,3,227,614,3.2,227,0, 227
100,95,87,112,339,3.0,0,112, 112
110,1,77,26,61,2.9,0,26, 26
110,6,86,12,30,2.7,0,12, 12
110,14,70,30,92,3.0,0,30, 30
110,15,19,65,156,2.1,61,4, 65
110,20,52,82,230,3.0,0,82, 82
110,22,54,15,37,3.0,0,15, 15
110,30,78,50,152,3.0,0,50, 50
110,31,69,1,2,3.0,0,1, 1
110,34,58,278,815,3.0,0,278, 278
110,35,53,1,2,3.0,0,1, 1
110,35,58,14,36,3.0,0,14, 14
110,36,19,84,238,2.4,59,25, 84
110,40,31,46,111,3.0,0,46, 46
110,44,90,1,4,3.0,0,1, 1
110,59,16,103,277,2.6,101,2, 103
110,65,21,32,97,3.1,11,21, 32
110,65,70,1,3,3.0,0,1, 1
110,65,95,29,74,3.0,0,29, 29
110,66,12,59,198,3.2,59,0, 59
110,68,4,1,2,1.0,1,0, 1
110,70,17,1,2,3.0,1,0, 1
110,79,72,1,2,1.0,0,1, 1
110,80,82,88,191,2.9,0,88, 88
110,82,9,16,51,2.4,16,0, 16
110,82,49,6,17,3.0,0,6, 6
110,85,32,46,118,3.0,0,46, 46
110,86,34,1,4,3.0,0,1, 1
110,94,59,70,175,3.0,0,70, 70
120,5,31,27,89,3.0,0,27, 27
120,7,73,92,398,3.0,0,92, 92
120,9,63,3,8,3.0,0,3, 3
120,10,27,136,361,3.0,0,136, 136
120,12,80,1,5,3.0,0,1, 1
120,12,86,2,5,3.0,0,2, 2
120,12,93,2,7,3.0,0,2, 2
120,17,56,4,14,3.0,0,4, 4
120,20,61,2,5,3.0,0,2, 2
120,20,86,2,6,3.0,0,2, 2
120,22,17,32,96,2.4,15,17, 32
120,23,50,2,4,3.0,0,2, 2
120,23,67,11,32,3.0,0,11, 11
120,23,70,1,3,3.0,0,1, 1
120,27,30,30,74,3.0,0,30, 30
120,30,4,12,52,3.2,12,0, 12
120,30,41,1,4,3.0,0,1, 1
120,34,47,11,29,3.0,0,11, 11
120,57,34,6,14,3.0,0,6, 6
120,59,6,31,160,3.2,31,0, 31
120,60,76,1,4,3.0,0,1, 1
120,69,43,43,92,3.0,0,43, 43
120,72,98,3,9,3.0,0,3, 3
120,74,65,12,32,3.0,0,12, 12
120,77,6,1,1,2.0,1,0, 1
120,79,81,37,74,2.7,0,37, 37
120,80,98,6,13,3.0,0,6, 6
120,81,24,400,1156,3.1,129,271, 400
120,84,59,1,1,3.0,0,1, 1
120,87,98,31,135,3.0,0,31, 31
120,88,13,2,3,2.0,2,0, 2
120,94,73,25,43,3.0,0,25, 25
120,98,42,27,75,2.9,0,27, 27
120,99,60,3,6,1.7,0,3, 3
130,1,53,106,296,3.0,0,106, 106
130,3,75,1,2,3.0,0,1, 1
130,5,82,2,4,3.0,0,2, 2
130,5,96,2,3,3.0,0,2, 2
130,8,34,35,141,2.9,0,35, 35
130,10,2,148,463,3.0,148,0, 148
130,11,40,112,353,3.0,0,112, 112
130,12,97,307,902,3.0,0,307, 307
130,18,58,5,14,3.0,0,5, 5
130,19,46,4,16,3.0,0,4, 4
130,23,17,26,74,2.3,24,2, 26
130,25,50,137,406,3.0,0,137, 137
130,30,32,2,7,3.0,0,2, 2
130,31,40,11,33,3.0,0,11, 11
130,31,62,41,118,3.0,0,41, 41
130,40,76,28,81,3.0,0,28, 28
130,41,17,11,25,2.0,11,0, 11
130,41,77,38,96,3.0,0,38, 38
130,42,73,4,11,3.0,0,4, 4
130,49,90,4,8,3.0,0,4, 4
130,50,32,394,1187,3.0,5,389, 394
130,53,3,26,80,3.8,26,0, 26
130,54,50,47,133,3.0,0,47, 47
130,56,96,1,4,3.0,0,1, 1
130,66,15,245,730,2.6,231,14, 245
130,67,66,72,151,3.0,0,72, 72
130,71,80,269,813,3.0,0,269, 269
130,73,25,7,18,2.4,0,7, 7
130,77,52,169,484,3.0,0,169, 169
130,83,12,12,33,2.2,12,0, 12
130,83,32,1,3,3.0,0,1, 1
130,86,67,18,42,3.0,0,18, 18
130,87,8,19,51,2.5,19,0, 19
130,92,16,52,144,2.6,42,10, 52
130,93,53,3,8,3.0,0,3, 3
130,97,24,1,3,3.0,0,1, 1
130,98,9,112,281,2.6,112,0, 112
130,98,21,19,60,3.2,6,13, 19
130,99,74,9,15,3.0,0,9, 9
130,99,90,57,131,3.0,0,57, 57
140,21,19,3,6,1.7,3,0, 3
140,22,7,32,92,2.2,32,0, 32
140,23,69,9,28,3.0,0,9, 9
140,24,65,54,148,2.9,0,54, 54
140,26,23,2,4,3.0,0,2, 2
140,27,11,1,4,2.0,1,0, 1
140,34,97,367,1038,3.0,0,367, 367
140,38,34,7,22,3.0,0,7, 7
140,41,17,68,186,2.6,67,1, 68
140,41,27,231,661,2.6,103,128, 231
140,41,57,115,316,3.0,0,115, 115
140,49,67,20,45,3.0,0,20, 20
140,51,45,3,9,3.0,0,3, 3
140,52,62,185,465,3.0,0,185, 185
140,53,45,48,134,2.7,0,48, 48
140,54,37,4,18,3.0,0,4, 4
140,65,92,162,470,3.0,0,162, 162
140,73,45,5,11,3.0,0,5, 5
140,76,6,5,11,1.6,5,0, 5
140,76,37,2,4,3.0,0,2, 2
140,81,46,3,8,2.3,0,3, 3
140,84,77,1,4,3.0,0,1, 1
140,84,80,16,37,3.0,0,16, 16
140,85,9,17,50,2.5,17,0, 17
140,87,80,2,5,3.0,0,2, 2
140,88,91,1,2,3.0,0,1, 1
140,93,22,1,4,3.0,0,1, 1
140,96,32,9,20,3.0,0,9, 9
140,99,29,3,9,3.0,0,3, 3
150,1,43,1,1,3.0,0,1, 1
150,2,61,8,22,3.0,0,8, 8
150,3,11,34,79,3.1,34,0, 34
150,5,81,32,89,3.0,0,32, 32
150,6,39,6,17,3.0,0,6, 6
150,7,56,19,51,3.0,0,19, 19
150,8,71,16,49,3.0,0,16, 16
150,16,4,4,10,2.5,4,0, 4
150,16,8,59,165,2.5,59,0, 59
150,22,63,2,4,2.0,0,2, 2
150,22,75,13,49,3.0,0,13, 13
150,22,95,5,11,3.0,0,5, 5
150,27,16,7,21,2.3,7,0, 7
150,28,65,1,4,3.0,0,1, 1
150,31,89,1,1,1.0,0,1, 1
150,32,33,12,27,3.0,0,12, 12
150,39,65,1,5,3.0,0,1, 1
150,42,49,16,41,3.0,0,16, 16
150,44,15,20,69,2.7,20,0, 20
150,45,44,8,19,3.0,0,8, 8
150,54,1,67,247,2.6,67,0, 67
150,56,10,4,10,1.8,4,0, 4
150,59,59,1,2,1.0,0,1, 1
150,60,88,2,4,3.0,0,2, 2
150,61,14,2,6,2.5,2,0, 2
150,66,35,20,57,3.0,0,20, 20
150,72,49,23,59,2.9,0,23, 23
150,74,1,1,2,3.0,1,0, 1
150,76,9,7,19,2.3,7,0, 7
150,78,33,13,37,3.0,0,13, 13
150,78,40,6,18,3.0,0,6, 6
150,83,95,8,19,3.0,0,8, 8
160,5,88,21,60,3.0,0,21, 21
160,7,64,147,489,3.0,0,147, 147
160,8,1,2,13,3.5,2,0, 2
160,11,63,2,7,3.0,0,2, 2
160,12,77,2,6,3.0,0,2, 2
160,13,22,600,1792,2.9,311,289, 600
160,17,92,6,17,3.0,0,6, 6
160,29,2,108,366,2.9,108,0, 108
160,33,68,1,4,3.0,0,1, 1
160,38,74,3,6,3.0,0,3, 3
160,39,38,2,5,3.0,0,2, 2
160,41,39,185,524,3.0,0,185, 185
160,41,68,36,99,2.9,0,36, 36
160,44,79,1,3,3.0,0,1, 1
160,46,28,1,2,3.0,0,1, 1
160,47,6,205,573,3.0,205,0, 205
160,48,21,2,5,3.0,0,2, 2
160,51,24,1,3,3.0,0,1, 1
160,56,59,1,3,3.0,0,1, 1
160,58,84,3,6,3.0,0,3, 3
160,61,51,15,27,3.0,0,15, 15
160,62,36,138,415,3.0,0,138, 138
160,63,18,108,322,2.4,94,14, 108
160,65,83,33,85,3.0,0,33, 33
160,72,1,1,3,3.0,1,0, 1
160,74,19,29,79,2.4,17,12, 29
160,74,61,31,83,3.0,0,31, 31
160,77,46,34,95,2.9,0,34, 34
160,80,79,278,726,3.0,0,278, 278
160,83,35,353,962,3.0,0,353, 353
160,84,79,2,4,3.0,0,2, 2
160,85,77,1,4,3.0,0,1, 1
160,89,77,5,16,3.0,0,5, 5
160,90,41,1,3,3.0,0,1, 1
160,92,8,1,2,2.0,1,0, 1
160,92,14,58,141,2.2,52,6, 58
160,96,47,70,186,3.0,0,70, 70
160,97,64,6,15,3.0,0,6, 6
170,3,78,1,4,3.0,0,1, 1
170,4,14,1,2,1.0,1,0, 1
170,5,26,99,278,3.0,0,99, 99
170,5,39,4,15,3.0,0,4, 4
170,5,49,101,261,3.0,0,101, 101
170,6,3,3,3,1.0,3,0, 3
170,9,2,31,102,2.0,31,0, 31
170,12,75,6,16,2.7,0,6, 6
170,15,6,20,51,2.1,20,0, 20
170,24,96,3,9,3.0,0,3, 3
170,25,45,31,92,3.0,0,31, 31
170,25,91,2,5,3.0,0,2, 2
170,29,67,5,15,3.0,0,5, 5
170,40,88,5,14,3.0,0,5, 5
170,41,13,36,97,2.5,36,0, 36
170,41,36,2,3,2.0,0,2, 2
170,42,86,1,2,3.0,0,1, 1
170,45,91,6,15,3.0,0,6, 6
170,53,74,1,2,3.0,0,1, 1
170,55,91,5,6,3.0,0,5, 5
170,57,74,6,13,3.0,0,6, 6
170,59,61,1,2,3.0,0,1, 1
170,61,15,4,10,1.3,4,0, 4
170,80,77,1,3,3.0,0,1, 1
170,82,59,91,225,2.9,0,91, 91
170,82,77,2,5,2.0,0,2, 2
170,83,81,136,364,3.0,0,136, 136
170,94,68,22,44,2.9,0,22, 22
170,95,12,44,104,2.3,44,0, 44
170,98,34,2,5,3.0,0,2, 2
170,98,48,1,1,1.0,0,1, 1
170,98,95,58,212,3.0,0,58, 58
180,7,9,60,143,2.5,60,0, 60
180,11,70,57,159,3.0,0,57, 57
180,11,73,169,514,3.0,0,169, 169
180,14,94,66,208,3.0,0,66, 66
180,21,29,2,5,3.0,0,2, 2
180,21,52,259,767,3.0,0,259, 259
180,24,76,56,178,3.0,0,56, 56
180,25,96,2,5,3.0,0,2, 2
180,26,83,65,189,3.0,0,65, 65
180,30,96,1,3,3.0,0,1, 1
180,31,21,49,171,2.9,25,24, 49
180,31,52,44,141,3.0,0,44, 44
180,31,82,1,2,3.0,0,1, 1
180,33,88,6,19,3.0,0,6, 6
180,35,13,73,217,2.5,73,0, 73
180,37,39,4,9,3.0,0,4, 4
180,42,96,1,1,3.0,0,1, 1
180,43,53,1,3,3.0,0,1, 1
180,44,47,2,5,3.0,0,2, 2
180,44,74,18,41,3.0,0,18, 18
180,46,37,3,7,3.0,0,3, 3
180,48,54,277,796,3.0,0,277, 277
180,49,76,65,166,3.0,0,65, 65
180,50,27,1,3,3.0,0,1, 1
180,55,11,263,805,2.8,247,16, 263
180,56,78,6,22,3.0,0,6, 6
180,57,26,13,40,3.0,0,13, 13
180,69,25,1,2,3.0,0,1, 1
180,69,26,1,2,3.0,0,1, 1
180,70,62,182,520,3.0,0,182, 182
180,73,11,149,441,3.0,147,2, 149
180,75,25,36,98,2.9,3,33, 36
180,86,66,4,11,3.0,0,4, 4
180,93,9,1,3,3.0,1,0, 1
180,95,63,1,3,3.0,0,1, 1
180,96,54,1,3,3.0,0,1, 1
180,99,78,1,2,3.0,0,1, 1
190,4,17,1,3,2.0,1,0, 1
190,12,95,98,225,2.9,0,98, 98
190,18,38,258,739,3.0,0,258, 258
190,21,60,45,115,2.9,0,45, 45
190,25,8,1,3,1.0,1,0, 1
190,30,1,127,361,2.3,127,0, 127
190,31,93,2,5,3.0,0,2, 2
190,32,59,1,3,3.0,0,1, 1
190,32,81,17,50,2.9,0,17, 17
190,34,80,5,14,2.2,0,5, 5
190,35,94,2,4,3.0,0,2, 2
190,36,11,2,4,1.5,2,0, 2
190,39,49,12,33,3.0,0,12, 12
190,39,64,179,528,3.0,0,179, 179
190,40,37,1,3,3.0,0,1, 1
190,40,89,28,70,3.0,0,28, 28
190,44,83,153,391,3.0,0,153, 153
190,50,91,1,2,3.0,0,1, 1
190,53,27,105,293,2.9,0,105, 105
190,54,21,1,3,3.0,0,1, 1
190,56,90,2,6,3.0,0,2, 2
190,58,7,115,319,2.1,115,0, 115
190,61,34,14,50,3.0,0,14, 14
190,62,40,62,172,3.0,0,62, 62
190,69,30,20,64,3.0,0,20, 20
190,74,10,10,16,1.4,10,0, 10
190,75,11,1,1,1.0,1,0, 1
190,79,42,2,6,3.0,0,2, 2
190,80,60,1,3,3.0,0,1, 1
190,80,98,125,330,3.0,0,125, 125
190,81,19,38,108,3.5,24,14, 38
190,83,96,2,6,3.0,0,2, 2
190,85,10,24,58,3.0,24,0, 24
190,87,62,1,1,3.0,0,1, 1
190,88,23,49,128,3.0,0,49, 49
190,93,78,50,104,3.0,0,50, 50
190,97,86,20,45,3.0,0,20, 20
190,99,96,21,56,3.0,0,21, 21
200,1,20,2,5,3.0,0,2, 2
200,6,36,185,539,3.0,0,185, 185
200,6,67,1,3,3.0,0,1, 1
200,7,47,4,16,3.0,0,4, 4
200,9,13,312,859,2.4,234,78, 312
200,11,60,4,11,3.0,0,4, 4
200,15,16,2,4,2.0,2,0, 2
200,25,61,1,3,3.0,0,1, 1
200,28,51,18,52,3.0,0,18, 18
200,30,93,2,6,3.0,0,2, 2
200,31,50,2,5,2.0,0,2, 2
200,31,88,9,29,3.0,0,9, 9
200,37,95,92,265,3.0,0,92, 92
200,39,26,7,19,2.7,0,7, 7
200,40,72,5,15,3.0,0,5, 5
200,42,56,9,31,3.0,0,9, 9
200,45,82,1,2,3.0,0,1, 1
200,46,84,1,2,1.0,0,1, 1
200,48,21,2,6,3.0,0,2, 2
200,50,79,9,25,3.0,0,9, 9
200,50,86,1,2,3.0,0,1, 1
200,54,28,1,5,3.0,0,1, 1
200,59,50,1,5,3.0,0,1, 1
200,60,46,3,10,3.0,0,3, 3
200,66,47,1,3,3.0,0,1, 1
200,70,42,5,17,3.0,0,5, 5
200,70,46,6,16,3.0,0,6, 6
200,71,28,1,3,3.0,0,1, 1
200,73,81,1,1,3.0,0,1, 1
200,77,37,2,5,3.0,0,2, 2
200,78,19,2,7,3.0,2,0, 2
200,91,46,2,7,3.0,0,2, 2
200,98,36,2,7,3.0,0,2, 2
